drone_start_pose:
  x: 0.0
  y: 0.0
  z: 0.0
name: scenario410
obstacles:
  1:
    d: 1.1257402476095852
    h: 0.9763050732639393
    w: 1.161509489643891
    x: 9.602788688363404
    y: 3.6481404368805492
    z: 4.90028540783676
  2:
    d: 0.1
    h: 0.1
    w: 0.1
    x: 4.60980407
    y: -0.96490982
    z: 3.73271008
viewpoint_poses:
  1:
    p: 0.0
    r: 0.0
    w: 0.8
    x: 5.0
    y: -2.0
    z: 2.5432710083464237
  13:
    p: 0.0
    r: 0.0
    w: 2.017234568535899
    x: 0.303109819143339
    y: -9.58173672733848
    z: 3.043904418069046

